{
 "cells": [
  {
   "cell_type": "code",
   "execution_count": 1,
   "metadata": {},
   "outputs": [
    {
     "data": {
      "text/html": [
       "<div>\n",
       "<style scoped>\n",
       "    .dataframe tbody tr th:only-of-type {\n",
       "        vertical-align: middle;\n",
       "    }\n",
       "\n",
       "    .dataframe tbody tr th {\n",
       "        vertical-align: top;\n",
       "    }\n",
       "\n",
       "    .dataframe thead th {\n",
       "        text-align: right;\n",
       "    }\n",
       "</style>\n",
       "<table border=\"1\" class=\"dataframe\">\n",
       "  <thead>\n",
       "    <tr style=\"text-align: right;\">\n",
       "      <th></th>\n",
       "      <th>omega_b</th>\n",
       "      <th>omega_cdm</th>\n",
       "      <th>n_s</th>\n",
       "      <th>A_s</th>\n",
       "      <th>tau_reio</th>\n",
       "      <th>h</th>\n",
       "      <th>M_ncdm</th>\n",
       "      <th>sigma_fog</th>\n",
       "      <th>b0</th>\n",
       "      <th>alpha_k2</th>\n",
       "    </tr>\n",
       "  </thead>\n",
       "  <tbody>\n",
       "    <tr>\n",
       "      <th>0</th>\n",
       "      <td>8.324167e-10</td>\n",
       "      <td>1.690741e-09</td>\n",
       "      <td>-2.671693e-08</td>\n",
       "      <td>-1.432567e-17</td>\n",
       "      <td>-9.672938e-09</td>\n",
       "      <td>4.886847e-10</td>\n",
       "      <td>1.212145e-09</td>\n",
       "      <td>-5.962224e-03</td>\n",
       "      <td>1.633948e-09</td>\n",
       "      <td>6.843379e-07</td>\n",
       "    </tr>\n",
       "    <tr>\n",
       "      <th>1</th>\n",
       "      <td>1.690741e-09</td>\n",
       "      <td>1.460275e-07</td>\n",
       "      <td>-4.313537e-07</td>\n",
       "      <td>-6.955456e-15</td>\n",
       "      <td>-1.838866e-06</td>\n",
       "      <td>-2.051620e-07</td>\n",
       "      <td>-3.506996e-06</td>\n",
       "      <td>-1.059885e-01</td>\n",
       "      <td>3.455326e-07</td>\n",
       "      <td>-8.992888e-06</td>\n",
       "    </tr>\n",
       "    <tr>\n",
       "      <th>2</th>\n",
       "      <td>-2.671693e-08</td>\n",
       "      <td>-4.313537e-07</td>\n",
       "      <td>2.963675e-06</td>\n",
       "      <td>1.742849e-14</td>\n",
       "      <td>5.312203e-06</td>\n",
       "      <td>6.255610e-07</td>\n",
       "      <td>8.986305e-06</td>\n",
       "      <td>5.250750e-01</td>\n",
       "      <td>-8.792922e-07</td>\n",
       "      <td>-2.123696e-05</td>\n",
       "    </tr>\n",
       "    <tr>\n",
       "      <th>3</th>\n",
       "      <td>-1.432567e-17</td>\n",
       "      <td>-6.955456e-15</td>\n",
       "      <td>1.742849e-14</td>\n",
       "      <td>5.143771e-22</td>\n",
       "      <td>1.288592e-13</td>\n",
       "      <td>-9.939508e-15</td>\n",
       "      <td>3.933291e-13</td>\n",
       "      <td>4.270223e-09</td>\n",
       "      <td>-6.278621e-15</td>\n",
       "      <td>4.888314e-14</td>\n",
       "    </tr>\n",
       "    <tr>\n",
       "      <th>4</th>\n",
       "      <td>-9.672938e-09</td>\n",
       "      <td>-1.838866e-06</td>\n",
       "      <td>5.312203e-06</td>\n",
       "      <td>1.288592e-13</td>\n",
       "      <td>3.278575e-05</td>\n",
       "      <td>-1.952782e-06</td>\n",
       "      <td>9.588692e-05</td>\n",
       "      <td>1.224177e+00</td>\n",
       "      <td>-1.960234e-06</td>\n",
       "      <td>9.350552e-06</td>\n",
       "    </tr>\n",
       "    <tr>\n",
       "      <th>5</th>\n",
       "      <td>4.886847e-10</td>\n",
       "      <td>-2.051620e-07</td>\n",
       "      <td>6.255610e-07</td>\n",
       "      <td>-9.939508e-15</td>\n",
       "      <td>-1.952782e-06</td>\n",
       "      <td>3.021835e-06</td>\n",
       "      <td>-2.442566e-05</td>\n",
       "      <td>3.244834e-01</td>\n",
       "      <td>-2.832416e-06</td>\n",
       "      <td>8.386833e-05</td>\n",
       "    </tr>\n",
       "    <tr>\n",
       "      <th>6</th>\n",
       "      <td>1.212145e-09</td>\n",
       "      <td>-3.506996e-06</td>\n",
       "      <td>8.986305e-06</td>\n",
       "      <td>3.933291e-13</td>\n",
       "      <td>9.588692e-05</td>\n",
       "      <td>-2.442566e-05</td>\n",
       "      <td>4.147507e-04</td>\n",
       "      <td>1.921708e-01</td>\n",
       "      <td>1.667982e-05</td>\n",
       "      <td>-4.972110e-04</td>\n",
       "    </tr>\n",
       "    <tr>\n",
       "      <th>7</th>\n",
       "      <td>-5.962224e-03</td>\n",
       "      <td>-1.059885e-01</td>\n",
       "      <td>5.250750e-01</td>\n",
       "      <td>4.270223e-09</td>\n",
       "      <td>1.224177e+00</td>\n",
       "      <td>3.244834e-01</td>\n",
       "      <td>1.921708e-01</td>\n",
       "      <td>8.429386e+05</td>\n",
       "      <td>-6.013828e-01</td>\n",
       "      <td>2.191360e+01</td>\n",
       "    </tr>\n",
       "    <tr>\n",
       "      <th>8</th>\n",
       "      <td>1.633948e-09</td>\n",
       "      <td>3.455326e-07</td>\n",
       "      <td>-8.792922e-07</td>\n",
       "      <td>-6.278621e-15</td>\n",
       "      <td>-1.960234e-06</td>\n",
       "      <td>-2.832416e-06</td>\n",
       "      <td>1.667982e-05</td>\n",
       "      <td>-6.013828e-01</td>\n",
       "      <td>5.174171e-06</td>\n",
       "      <td>-1.312294e-04</td>\n",
       "    </tr>\n",
       "    <tr>\n",
       "      <th>9</th>\n",
       "      <td>6.843379e-07</td>\n",
       "      <td>-8.992888e-06</td>\n",
       "      <td>-2.123696e-05</td>\n",
       "      <td>4.888314e-14</td>\n",
       "      <td>9.350552e-06</td>\n",
       "      <td>8.386833e-05</td>\n",
       "      <td>-4.972110e-04</td>\n",
       "      <td>2.191360e+01</td>\n",
       "      <td>-1.312294e-04</td>\n",
       "      <td>7.310494e-03</td>\n",
       "    </tr>\n",
       "  </tbody>\n",
       "</table>\n",
       "</div>"
      ],
      "text/plain": [
       "        omega_b     omega_cdm           n_s           A_s      tau_reio  \\\n",
       "0  8.324167e-10  1.690741e-09 -2.671693e-08 -1.432567e-17 -9.672938e-09   \n",
       "1  1.690741e-09  1.460275e-07 -4.313537e-07 -6.955456e-15 -1.838866e-06   \n",
       "2 -2.671693e-08 -4.313537e-07  2.963675e-06  1.742849e-14  5.312203e-06   \n",
       "3 -1.432567e-17 -6.955456e-15  1.742849e-14  5.143771e-22  1.288592e-13   \n",
       "4 -9.672938e-09 -1.838866e-06  5.312203e-06  1.288592e-13  3.278575e-05   \n",
       "5  4.886847e-10 -2.051620e-07  6.255610e-07 -9.939508e-15 -1.952782e-06   \n",
       "6  1.212145e-09 -3.506996e-06  8.986305e-06  3.933291e-13  9.588692e-05   \n",
       "7 -5.962224e-03 -1.059885e-01  5.250750e-01  4.270223e-09  1.224177e+00   \n",
       "8  1.633948e-09  3.455326e-07 -8.792922e-07 -6.278621e-15 -1.960234e-06   \n",
       "9  6.843379e-07 -8.992888e-06 -2.123696e-05  4.888314e-14  9.350552e-06   \n",
       "\n",
       "              h        M_ncdm     sigma_fog            b0      alpha_k2  \n",
       "0  4.886847e-10  1.212145e-09 -5.962224e-03  1.633948e-09  6.843379e-07  \n",
       "1 -2.051620e-07 -3.506996e-06 -1.059885e-01  3.455326e-07 -8.992888e-06  \n",
       "2  6.255610e-07  8.986305e-06  5.250750e-01 -8.792922e-07 -2.123696e-05  \n",
       "3 -9.939508e-15  3.933291e-13  4.270223e-09 -6.278621e-15  4.888314e-14  \n",
       "4 -1.952782e-06  9.588692e-05  1.224177e+00 -1.960234e-06  9.350552e-06  \n",
       "5  3.021835e-06 -2.442566e-05  3.244834e-01 -2.832416e-06  8.386833e-05  \n",
       "6 -2.442566e-05  4.147507e-04  1.921708e-01  1.667982e-05 -4.972110e-04  \n",
       "7  3.244834e-01  1.921708e-01  8.429386e+05 -6.013828e-01  2.191360e+01  \n",
       "8 -2.832416e-06  1.667982e-05 -6.013828e-01  5.174171e-06 -1.312294e-04  \n",
       "9  8.386833e-05 -4.972110e-04  2.191360e+01 -1.312294e-04  7.310494e-03  "
      ]
     },
     "execution_count": 1,
     "metadata": {},
     "output_type": "execute_result"
    }
   ],
   "source": [
    "import pandas as pd\n",
    "import numpy as np\n",
    "\n",
    "inmat = pd.read_csv(\"/Users/nicholasdeporzio/Desktop/inv_fullfisher.mat\", header=0, sep=\"\\t\").iloc[0:10, 0:10]\n",
    "inmat"
   ]
  },
  {
   "cell_type": "code",
   "execution_count": 2,
   "metadata": {},
   "outputs": [],
   "source": [
    "# Convert M --> m\n",
    "fishmat =  np.linalg.inv(np.array(inmat))\n",
    "fishmat[:, 6] *= 3\n",
    "fishmat[6, :] *= 3\n",
    "\n",
    "# Convert units on omega_b\n",
    "fishmat[:, 0] *= 1.0e-2\n",
    "fishmat[0, :] *= 1.0e-2\n",
    "\n",
    "# Convert units on A_s\n",
    "fishmat[:, 3] *= 1.0e-9\n",
    "fishmat[3, :] *= 1.0e-9\n",
    "\n",
    "# Convert units on sigma_fog\n",
    "fishmat[:, 7] *= 1.0e+03\n",
    "fishmat[7, :] *= 1.0e+03\n"
   ]
  },
  {
   "cell_type": "code",
   "execution_count": 3,
   "metadata": {},
   "outputs": [],
   "source": [
    "outmat = pd.DataFrame(np.linalg.inv(fishmat))"
   ]
  },
  {
   "cell_type": "code",
   "execution_count": 4,
   "metadata": {},
   "outputs": [
    {
     "data": {
      "text/html": [
       "<div>\n",
       "<style scoped>\n",
       "    .dataframe tbody tr th:only-of-type {\n",
       "        vertical-align: middle;\n",
       "    }\n",
       "\n",
       "    .dataframe tbody tr th {\n",
       "        vertical-align: top;\n",
       "    }\n",
       "\n",
       "    .dataframe thead th {\n",
       "        text-align: right;\n",
       "    }\n",
       "</style>\n",
       "<table border=\"1\" class=\"dataframe\">\n",
       "  <thead>\n",
       "    <tr style=\"text-align: right;\">\n",
       "      <th></th>\n",
       "      <th># omega_b</th>\n",
       "      <th>omega_cdm</th>\n",
       "      <th>n_s</th>\n",
       "      <th>A_s</th>\n",
       "      <th>tau_reio</th>\n",
       "      <th>h</th>\n",
       "      <th>m_0</th>\n",
       "      <th>sigma_fog</th>\n",
       "      <th>b0bar</th>\n",
       "      <th>alpha_k2</th>\n",
       "    </tr>\n",
       "  </thead>\n",
       "  <tbody>\n",
       "    <tr>\n",
       "      <th>0</th>\n",
       "      <td>8.324167e-06</td>\n",
       "      <td>1.690741e-07</td>\n",
       "      <td>-2.671693e-06</td>\n",
       "      <td>-0.000001</td>\n",
       "      <td>-9.672938e-07</td>\n",
       "      <td>4.886847e-08</td>\n",
       "      <td>4.040483e-08</td>\n",
       "      <td>-0.000596</td>\n",
       "      <td>1.633948e-07</td>\n",
       "      <td>0.000068</td>\n",
       "    </tr>\n",
       "    <tr>\n",
       "      <th>1</th>\n",
       "      <td>1.690741e-07</td>\n",
       "      <td>1.460275e-07</td>\n",
       "      <td>-4.313537e-07</td>\n",
       "      <td>-0.000007</td>\n",
       "      <td>-1.838866e-06</td>\n",
       "      <td>-2.051620e-07</td>\n",
       "      <td>-1.168999e-06</td>\n",
       "      <td>-0.000106</td>\n",
       "      <td>3.455326e-07</td>\n",
       "      <td>-0.000009</td>\n",
       "    </tr>\n",
       "    <tr>\n",
       "      <th>2</th>\n",
       "      <td>-2.671693e-06</td>\n",
       "      <td>-4.313537e-07</td>\n",
       "      <td>2.963675e-06</td>\n",
       "      <td>0.000017</td>\n",
       "      <td>5.312203e-06</td>\n",
       "      <td>6.255610e-07</td>\n",
       "      <td>2.995435e-06</td>\n",
       "      <td>0.000525</td>\n",
       "      <td>-8.792922e-07</td>\n",
       "      <td>-0.000021</td>\n",
       "    </tr>\n",
       "    <tr>\n",
       "      <th>3</th>\n",
       "      <td>-1.432567e-06</td>\n",
       "      <td>-6.955456e-06</td>\n",
       "      <td>1.742849e-05</td>\n",
       "      <td>0.000514</td>\n",
       "      <td>1.288592e-04</td>\n",
       "      <td>-9.939508e-06</td>\n",
       "      <td>1.311097e-04</td>\n",
       "      <td>0.004270</td>\n",
       "      <td>-6.278621e-06</td>\n",
       "      <td>0.000049</td>\n",
       "    </tr>\n",
       "    <tr>\n",
       "      <th>4</th>\n",
       "      <td>-9.672938e-07</td>\n",
       "      <td>-1.838866e-06</td>\n",
       "      <td>5.312203e-06</td>\n",
       "      <td>0.000129</td>\n",
       "      <td>3.278575e-05</td>\n",
       "      <td>-1.952782e-06</td>\n",
       "      <td>3.196231e-05</td>\n",
       "      <td>0.001224</td>\n",
       "      <td>-1.960234e-06</td>\n",
       "      <td>0.000009</td>\n",
       "    </tr>\n",
       "    <tr>\n",
       "      <th>5</th>\n",
       "      <td>4.886847e-08</td>\n",
       "      <td>-2.051620e-07</td>\n",
       "      <td>6.255610e-07</td>\n",
       "      <td>-0.000010</td>\n",
       "      <td>-1.952782e-06</td>\n",
       "      <td>3.021835e-06</td>\n",
       "      <td>-8.141888e-06</td>\n",
       "      <td>0.000324</td>\n",
       "      <td>-2.832416e-06</td>\n",
       "      <td>0.000084</td>\n",
       "    </tr>\n",
       "    <tr>\n",
       "      <th>6</th>\n",
       "      <td>4.040483e-08</td>\n",
       "      <td>-1.168999e-06</td>\n",
       "      <td>2.995435e-06</td>\n",
       "      <td>0.000131</td>\n",
       "      <td>3.196231e-05</td>\n",
       "      <td>-8.141888e-06</td>\n",
       "      <td>4.608341e-05</td>\n",
       "      <td>0.000064</td>\n",
       "      <td>5.559939e-06</td>\n",
       "      <td>-0.000166</td>\n",
       "    </tr>\n",
       "    <tr>\n",
       "      <th>7</th>\n",
       "      <td>-5.962224e-04</td>\n",
       "      <td>-1.059885e-04</td>\n",
       "      <td>5.250750e-04</td>\n",
       "      <td>0.004270</td>\n",
       "      <td>1.224177e-03</td>\n",
       "      <td>3.244834e-04</td>\n",
       "      <td>6.405695e-05</td>\n",
       "      <td>0.842939</td>\n",
       "      <td>-6.013828e-04</td>\n",
       "      <td>0.021914</td>\n",
       "    </tr>\n",
       "    <tr>\n",
       "      <th>8</th>\n",
       "      <td>1.633948e-07</td>\n",
       "      <td>3.455326e-07</td>\n",
       "      <td>-8.792922e-07</td>\n",
       "      <td>-0.000006</td>\n",
       "      <td>-1.960234e-06</td>\n",
       "      <td>-2.832416e-06</td>\n",
       "      <td>5.559939e-06</td>\n",
       "      <td>-0.000601</td>\n",
       "      <td>5.174171e-06</td>\n",
       "      <td>-0.000131</td>\n",
       "    </tr>\n",
       "    <tr>\n",
       "      <th>9</th>\n",
       "      <td>6.843379e-05</td>\n",
       "      <td>-8.992888e-06</td>\n",
       "      <td>-2.123696e-05</td>\n",
       "      <td>0.000049</td>\n",
       "      <td>9.350552e-06</td>\n",
       "      <td>8.386833e-05</td>\n",
       "      <td>-1.657370e-04</td>\n",
       "      <td>0.021914</td>\n",
       "      <td>-1.312294e-04</td>\n",
       "      <td>0.007310</td>\n",
       "    </tr>\n",
       "  </tbody>\n",
       "</table>\n",
       "</div>"
      ],
      "text/plain": [
       "      # omega_b     omega_cdm           n_s       A_s      tau_reio  \\\n",
       "0  8.324167e-06  1.690741e-07 -2.671693e-06 -0.000001 -9.672938e-07   \n",
       "1  1.690741e-07  1.460275e-07 -4.313537e-07 -0.000007 -1.838866e-06   \n",
       "2 -2.671693e-06 -4.313537e-07  2.963675e-06  0.000017  5.312203e-06   \n",
       "3 -1.432567e-06 -6.955456e-06  1.742849e-05  0.000514  1.288592e-04   \n",
       "4 -9.672938e-07 -1.838866e-06  5.312203e-06  0.000129  3.278575e-05   \n",
       "5  4.886847e-08 -2.051620e-07  6.255610e-07 -0.000010 -1.952782e-06   \n",
       "6  4.040483e-08 -1.168999e-06  2.995435e-06  0.000131  3.196231e-05   \n",
       "7 -5.962224e-04 -1.059885e-04  5.250750e-04  0.004270  1.224177e-03   \n",
       "8  1.633948e-07  3.455326e-07 -8.792922e-07 -0.000006 -1.960234e-06   \n",
       "9  6.843379e-05 -8.992888e-06 -2.123696e-05  0.000049  9.350552e-06   \n",
       "\n",
       "              h           m_0  sigma_fog         b0bar  alpha_k2  \n",
       "0  4.886847e-08  4.040483e-08  -0.000596  1.633948e-07  0.000068  \n",
       "1 -2.051620e-07 -1.168999e-06  -0.000106  3.455326e-07 -0.000009  \n",
       "2  6.255610e-07  2.995435e-06   0.000525 -8.792922e-07 -0.000021  \n",
       "3 -9.939508e-06  1.311097e-04   0.004270 -6.278621e-06  0.000049  \n",
       "4 -1.952782e-06  3.196231e-05   0.001224 -1.960234e-06  0.000009  \n",
       "5  3.021835e-06 -8.141888e-06   0.000324 -2.832416e-06  0.000084  \n",
       "6 -8.141888e-06  4.608341e-05   0.000064  5.559939e-06 -0.000166  \n",
       "7  3.244834e-04  6.405695e-05   0.842939 -6.013828e-04  0.021914  \n",
       "8 -2.832416e-06  5.559939e-06  -0.000601  5.174171e-06 -0.000131  \n",
       "9  8.386833e-05 -1.657370e-04   0.021914 -1.312294e-04  0.007310  "
      ]
     },
     "execution_count": 4,
     "metadata": {},
     "output_type": "execute_result"
    }
   ],
   "source": [
    "outmat.columns=['# omega_b', 'omega_cdm', 'n_s', 'A_s', 'tau_reio', 'h', 'm_0','sigma_fog', 'b0bar', 'alpha_k2']\n",
    "outmat"
   ]
  },
  {
   "cell_type": "code",
   "execution_count": 5,
   "metadata": {},
   "outputs": [],
   "source": [
    "outmat.to_csv(\"/Users/nicholasdeporzio/Desktop/inv_fisher.mat\", index=False, sep='\\t')"
   ]
  },
  {
   "cell_type": "code",
   "execution_count": null,
   "metadata": {},
   "outputs": [],
   "source": []
  },
  {
   "cell_type": "code",
   "execution_count": null,
   "metadata": {},
   "outputs": [],
   "source": []
  },
  {
   "cell_type": "code",
   "execution_count": null,
   "metadata": {},
   "outputs": [],
   "source": []
  }
 ],
 "metadata": {
  "kernelspec": {
   "display_name": "3.7.4",
   "language": "python",
   "name": "3.7.4"
  },
  "language_info": {
   "codemirror_mode": {
    "name": "ipython",
    "version": 3
   },
   "file_extension": ".py",
   "mimetype": "text/x-python",
   "name": "python",
   "nbconvert_exporter": "python",
   "pygments_lexer": "ipython3",
   "version": "3.7.4"
  }
 },
 "nbformat": 4,
 "nbformat_minor": 2
}
